0,0,0,0,  -1,-1,-1,-1,  0,-1,0,-1,  -2,1,-2,1
1,1,1,1,  1,1,1,1,  1,1,1,1,  1,1,1,1
2,2,2,2,  2,2,2,2,  2,2,2,2,  2,2,2,2
2,2,2,2,  2,2,2,2,  2,2,2,2,  2,2,2,2
2,2,2,2,  2,2,2,2,  2,2,2,2,  2,2,2,2
2,2,2,2,  2,2,2,2,  2,2,2,2,  2,2,2,2
0,1,3,2,0,3,1,1,0,4
0,0,0,0,  -1,-1,-1,-1,  0,-1,0,-1,  -2,1,-2,1
1,1,1,1,  1,1,1,1,  1,1,1,1,  1,1,1,1
2,2,2,2,  2,2,2,2,  2,2,2,2,  2,2,2,2
2,2,2,2,  2,2,2,2,  2,2,2,2,  2,2,2,2
2,2,2,2,  2,2,2,2,  2,2,2,2,  2,2,2,2
2,2,2,2,  2,2,2,2,  2,2,2,2,  2,2,2,2
0,6,0,12,1,10,1,11,0,5
0,0,0,0,  -1,-1,-1,-1,  0,-1,0,-1,  -2,1,-2,1
1,1,1,1,  1,1,1,1,  1,1,1,1,  1,1,1,1
2,2,2,2,  2,2,2,2,  2,2,2,2,  2,2,2,2
2,2,2,2,  2,2,2,2,  2,2,2,2,  2,2,2,2
2,2,2,2,  2,2,2,2,  2,2,2,2,  2,2,2,2
2,2,2,2,  2,2,2,2,  2,2,2,2,  2,2,2,2
0,7,0,12,1,10,1,12,0,11
0,0,0,0,  -1,-1,-1,-1,  0,-1,0,-1,  -2,1,-2,1
1,1,1,1,  1,1,1,1,  1,1,1,1,  1,1,1,1
2,2,2,2,  2,2,2,2,  2,2,2,2,  2,2,2,2
2,2,2,2,  2,2,2,2,  2,2,2,2,  2,2,2,2
2,2,2,2,  2,2,2,2,  2,2,2,2,  2,2,2,2
2,2,2,2,  2,2,2,2,  2,2,2,2,  2,2,2,2
0,15,0,12,1,10,1,16,0,10