-3,-4,1,0, -3,-4,1,0, -3,-4,1,0, -3,-4,1,0
1,1,1,1,  1,1,1,1,  1,1,1,1,  1,1,1,1
2,4,2,4,  4,2,4,2,  2,2,2,2,  2,2,2,2
4,2,4,2,  2,4,2,4,  4,2,4,2,  2,4,2,4
2,2,2,2,  2,2,2,2,  2,2,2,2,  2,2,2,2
2,2,2,2,  2,2,2,2,  2,2,2,2,  2,2,2,2
0,1,0,2,1,10,1,10,0,1
-3,-4,1,0, -3,-4,1,0, -3,-4,1,0, -3,-4,1,0
1,1,1,1,  1,1,1,1,  1,1,1,1,  1,1,1,1
2,2,2,2,  2,2,2,2,  2,2,2,2,  2,2,2,2
2,2,2,2,  2,2,2,2,  2,2,2,2,  2,2,2,2
2,2,2,2,  2,2,2,2,  2,2,2,2,  2,2,2,2
2,2,2,2,  2,2,2,2,  2,2,2,2,  2,2,2,2
0,1,0,2,1,13,1,10,0,1
-3,-4,1,0, -3,-4,1,0, -3,-4,1,0, -3,-4,1,0
1,1,1,1,  1,1,1,1,  1,1,1,1,  1,1,1,1
2,2,2,2,  2,2,2,2,  2,2,2,2,  2,2,2,2
2,2,2,2,  2,2,2,2,  2,2,2,2,  2,2,2,2
2,2,2,2,  2,2,2,2,  2,2,2,2,  2,2,2,2
2,2,2,2,  2,2,2,2,  2,2,2,2,  2,2,2,2
0,1,0,2,1,14,1,10,0,10
-3,-4,1,0, -3,-4,1,0, -3,-4,1,0, -3,-4,1,0
1,1,1,1,  1,1,1,1,  1,1,1,1,  1,1,1,1
2,2,2,2,  2,2,2,2,  2,2,2,2,  2,2,2,2
2,2,2,2,  2,2,2,2,  2,2,2,2,  2,2,2,2
2,2,2,2,  2,2,2,2,  2,2,2,2,  2,2,2,2
2,2,2,2,  2,2,2,2,  2,2,2,2,  2,2,2,2
0,1,0,2,1,14,1,10,0,11